5313
5315
5359
5501
5503
5863
5515
5579
5701
5703
5325
5541
5209
5211
5215
5217
5203
5205
5207
5131
5133
5367
5369
5371
5373
5379
5383
5785
5787
5789
5551
5013
5015
5017
5019
5591
5075
5225
5227
5229
5231
5233
5235
5239
5285
5035
5049
5051
5059
5065
5317
5305
5307
5309
5311
5337
5385
5387
5389
5219
5151
5127
5241
5243
2502
2504
2506
2508
2510
2514
2516
5377
5245
5327
5329
5363
5375
5053
5055
5361
5335
5339
5381
5397
5301
5303
5331
5333
5391
5341
5343
5345
5071
5073
5545
5283
5723
5039
5041
5249
5031
5033
5037
5043
5047
5069
5569
5001
5003
5005
5007
5009
5157
5159
5101
5103
5105
5107
5109
5111
5113
5115
5119
5889
5347
5349
5357
5399
5549
5565
5321
5351
5353
5355
5251
5255
5063
5523
5045
5561
5237
5253
5319
5323
5555
5023
5025
5027
5029
5221
5223
5519
5257
5261
5542
2154
2593
3739
3741
3745
3235
3237
2601
3061
3063
3041
2153
2145
2627
2629
3773
3775
3017
3019
3021
1051
1053
1055
1211
1213
1215
2605
1255
2157
2167
2169
1229
3059
2625
2503
2505
2507
2509
2511
2513
2515
2517
2519
2521
2571
2581
2565
1195
1073
1075
1003
1007
1011
1015
2043
2045
2047
2049
2051
2053
3749
2615
2617
3031
3033
3035
3245
3275
1135
1137
3045
3047
3049
3005
3007
6328
5546
2582
5302
5304
3774
3776
5786
5788
5790
2158
5152
3246
6208
6210
6376
6402
3006
3008
5262
6372
6432
5306
5308
5310
5312
5334
5338
6301
6305
6307
6309
6317
6377
6443
6339
6403
6407
6437
6319
6361
6415
6371
6431
3018
3020
3022
6385
6447
5226
5228
5230
5232
5234
5236
5240
5286
6389
6451
6327
6335
6311
6405
6303
6321
6343
6409
6411
6345
6347
6349
6373
6393
6395
6427
6429
6435
6363
6419
6323
6329
6367
6397
6423
6425
6325
6375
6401
5552
1074
5032
5034
5038
5044
5048
5050
5070
1196
5550
6346
6348
6350
2044
2046
2048
2050
2052
2054
5102
5104
5106
5108
5110
5112
5114
5116
5120
6340
6404
6408
6438
5204
5206
5208
6241
6215
6245
6201
6203
6205
6207
6209
5556
2594
5314
5316
5360
2168
2170
5128
2606
5318
6216
6406
5250
2616
5322
6344
6410
6412
1004
1008
1012
1016
5002
5004
5006
5008
5010
5320
5324
6324
6330
5562
2602
5326
5566
6362
6416
5014
5016
5018
5020
5328
5330
5364
5376
5570
6374
6394
6396
6428
6430
6436
3032
3034
3036
5252
5256
5332
5392
3062
5210
5212
3276
5524
6364
6420
1136
1138
5046
2572
5336
5340
5342
5382
5398
6368
6398
6424
6426
3046
3048
3050
5222
5224
6304
6322
6378
6444
3042
5216
5218
6302
6306
6308
6310
6318
5702
5704
5580
6242
6312
5724
6390
6452
2566
5344
5346
5220
5348
5350
5592
6202
6204
6206
5258
5352
5354
5356
6320
5358
5400
6386
6448
3060
5246
6246
6326
5238
5254
2626
5362
5242
5244
6336
2628
2630
5368
5370
5372
5374
5380
5384
2146
5132
5134
5378
1230
1256
3740
3742
3746
5864
5502
5504
5516
5520
3750
5890
1052
1054
1056
5036
5052
5060
3236
3238
1212
1214
1216
5066
5386
5388
5390
5024
5026
5028
5030
5158
5160
5284
5040
5042
5054
5056
5072
5074
5064
5076
